51069 51043      1
51069 51840      1
51069 51171      1
51069 51187      1
51107 51153      1
51107 51043      1
51107 51059      1
51107 51061      1
51043 51069      1
51043 51107      1
51043 51187      1
51043 51061      1
51840 51069      1
51171 51069      1
51171 51165      1
51171 51187      1
51171 51139      1
51059 51107      1
51059 51153      1
51059 51013      1
51059 51610      1
51059 51600      1
51059 51510      1
51187 51069      1
51187 51043      1
51187 51171      1
51187 51061      1
51187 51157      1
51187 51139      1
51061 51107      1
51061 51043      1
51061 51187      1
51061 51153      1
51061 51157      1
51061 51047      1
51061 51179      1
51153 51107      1
51153 51059      1
51153 51061      1
51153 51685      1
51153 51683      1
51153 51179      1
51013 51610      1
51013 51059      1
51013 51510      1
51610 51013      1
51610 51059      1
51600 51059      1
51157 51113      1
51157 51047      1
51157 51139      1
51157 51187      1
51157 51061      1
51510 51013      1
51510 51059      1
51165 51171      1
51165 51139      1
51165 51015      1
51165 51079      1
51165 51660      1
51165 51003      1
51139 51171      1
51139 51187      1
51139 51157      1
51139 51165      1
51139 51113      1
51139 51079      1
51685 51153      1
51685 51683      1
51683 51153      1
51683 51685      1
51047 51061      1
51047 51157      1
51047 51113      1
51047 51179      1
51047 51137      1
51047 51177      1
51113 51137      1
51113 51047      1
51113 51079      1
51113 51157      1
51113 51139      1
51179 51033      1
51179 51061      1
51179 51153      1
51179 51047      1
51179 51177      1
51179 51099      1
51179 51630      1
51091 51015      1
51091 51017      1
51015 51790      1
51015 51820      1
51015 51163      1
51015 51125      1
51015 51165      1
51015 51091      1
51015 51003      1
51015 51017      1
51079 51137      1
51079 51113      1
51079 51003      1
51079 51165      1
51079 51139      1
51660 51165      1
51137 51109      1
51137 51047      1
51137 51113      1
51137 51079      1
51137 51177      1
51137 51003      1
51177 51033      1
51177 51109      1
51177 51085      1
51177 51047      1
51177 51179      1
51177 51137      1
51177 51630      1
51099 51033      1
51099 51057      1
51099 51179      1
51099 51193      1
51630 51177      1
51630 51179      1
51193 51057      1
51193 51099      1
51193 51159      1
51193 51133      1
51003 51109      1
51003 51540      1
51003 51125      1
51003 51029      1
51003 51065      1
51003 51165      1
51003 51015      1
51003 51079      1
51003 51137      1
51017 51005      1
51017 51163      1
51017 51091      1
51017 51015      1
51033 51057      1
51033 51085      1
51033 51097      1
51033 51101      1
51033 51179      1
51033 51177      1
51033 51099      1
51790 51015      1
51057 51033      1
51057 51159      1
51057 51097      1
51057 51119      1
51057 51099      1
51057 51193      1
51109 51085      1
51109 51065      1
51109 51075      1
51109 51137      1
51109 51177      1
51109 51003      1
51159 51103      1
51159 51057      1
51159 51133      1
51159 51193      1
51820 51015      1
51163 51023      1
51163 51125      1
51163 51005      1
51163 51009      1
51163 51678      1
51163 51015      1
51163 51530      1
51163 51017      1
51163 51019      1
51540 51003      1
51125 51011      1
51125 51163      1
51125 51009      1
51125 51015      1
51125 51029      1
51125 51003      1
51001 51131      1
51133 51103      1
51133 51159      1
51133 51193      1
51085 51033      1
51085 51109      1
51085 51101      1
51085 51075      1
51085 51177      1
51085 51087      1
51085 51127      1
51065 51075      1
51065 51049      1
51065 51109      1
51065 51003      1
51065 51029      1
51097 51033      1
51097 51073      1
51097 51057      1
51097 51095      1
51097 51101      1
51097 51119      1
51097 51127      1
51005 51163      1
51005 51560      1
51005 51580      1
51005 51023      1
51005 51045      1
51005 51017      1
51101 51033      1
51101 51085      1
51101 51097      1
51101 51127      1
51075 51041      1
51075 51109      1
51075 51085      1
51075 51065      1
51075 51049      1
51075 51087      1
51075 51145      1
51560 51005      1
51103 51133      1
51103 51159      1
51009 51011      1
51009 51163      1
51009 51125      1
51009 51680      1
51009 51031      1
51009 51019      1
51580 51005      1
51678 51163      1
51023 51045      1
51023 51161      1
51023 51005      1
51023 51163      1
51023 51019      1
51029 51011      1
51029 51125      1
51029 51065      1
51029 51147      1
51029 51049      1
51029 51003      1
51119 51073      1
51119 51057      1
51119 51097      1
51049 51007      1
51049 51065      1
51049 51147      1
51049 51075      1
51049 51029      1
51049 51145      1
51530 51163      1
51087 51760      1
51087 51041      1
51087 51036      1
51087 51085      1
51087 51075      1
51087 51145      1
51087 51127      1
51145 51075      1
51145 51049      1
51145 51041      1
51145 51087      1
51145 51007      1
51045 51121      1
51045 51071      1
51045 51023      1
51045 51005      1
51045 51161      1
51127 51085      1
51127 51036      1
51127 51095      1
51127 51097      1
51127 51101      1
51127 51087      1
51019 51067      1
51019 51163      1
51019 51143      1
51019 51680      1
51019 51031      1
51019 51161      1
51019 51515      1
51019 51009      1
51019 51023      1
51760 51041      1
51760 51087      1
51073 51119      1
51073 51095      1
51073 51097      1
51073 51115      1
51041 51760      1
51041 51007      1
51041 51036      1
51041 51053      1
51041 51075      1
51041 51149      1
51041 51670      1
51041 51570      1
51041 51087      1
51041 51145      1
51041 51730      1
51011 51125      1
51011 51031      1
51011 51147      1
51011 51009      1
51011 51029      1
51011 51037      1
51131 51001      1
51027 51051      1
51027 51185      1
51027 51167      1
51115 51073      1
51007 51041      1
51007 51145      1
51007 51147      1
51007 51135      1
51007 51049      1
51007 51053      1
51036 51041      1
51036 51095      1
51036 51149      1
51036 51127      1
51036 51087      1
51036 51181      1
51036 51670      1
51071 51155      1
51071 51121      1
51071 51045      1
51071 51021      1
51680 51009      1
51680 51031      1
51680 51019      1
51095 51073      1
51095 51700      1
51095 51036      1
51095 51097      1
51095 51199      1
51095 51830      1
51095 51127      1
51031 51011      1
51031 51143      1
51031 51680      1
51031 51083      1
51031 51009      1
51031 51037      1
51031 51019      1
51161 51067      1
51161 51775      1
51161 51063      1
51161 51121      1
51161 51770      1
51161 51023      1
51161 51045      1
51161 51019      1
51147 51011      1
51147 51007      1
51147 51111      1
51147 51029      1
51147 51135      1
51147 51049      1
51147 51037      1
51199 51700      1
51199 51830      1
51199 51095      1
51199 51735      1
51199 51650      1
51121 51155      1
51121 51750      1
51121 51071      1
51121 51161      1
51121 51063      1
51121 51045      1
51515 51019      1
51185 51173      1
51185 51021      1
51185 51027      1
51185 51167      1
51149 51041      1
51149 51036      1
51149 51183      1
51149 51670      1
51149 51570      1
51149 51053      1
51149 51181      1
51149 51730      1
51770 51161      1
51670 51036      1
51670 51041      1
51670 51149      1
51775 51161      1
51021 51155      1
51021 51071      1
51021 51185      1
51021 51197      1
51021 51173      1
51051 51195      1
51051 51027      1
51051 51167      1
51135 51111      1
51135 51025      1
51135 51053      1
51135 51147      1
51135 51007      1
51570 51041      1
51570 51149      1
51570 51730      1
51830 51095      1
51830 51199      1
51053 51041      1
51053 51007      1
51053 51183      1
51053 51025      1
51053 51149      1
51053 51081      1
51053 51135      1
51053 51730      1
51037 51011      1
51037 51111      1
51037 51031      1
51037 51083      1
51037 51147      1
51037 51117      1
51181 51036      1
51181 51183      1
51181 51149      1
51181 51093      1
51181 51175      1
51730 51041      1
51730 51149      1
51730 51053      1
51730 51570      1
51155 51750      1
51155 51071      1
51155 51021      1
51155 51197      1
51155 51121      1
51155 51035      1
51155 51063      1
51700 51095      1
51700 51650      1
51700 51199      1
51067 51143      1
51067 51063      1
51067 51161      1
51067 51141      1
51067 51089      1
51067 51019      1
51195 51051      1
51195 51169      1
51195 51105      1
51195 51720      1
51195 51167      1
51735 51650      1
51735 51199      1
51750 51121      1
51750 51155      1
51093 51175      1
51093 51620      1
51093 51181      1
51093 51800      1
51167 51195      1
51167 51027      1
51167 51173      1
51167 51185      1
51167 51191      1
51167 51051      1
51167 51169      1
51143 51067      1
51143 51590      1
51143 51031      1
51143 51083      1
51143 51089      1
51143 51019      1
51063 51155      1
51063 51067      1
51063 51161      1
51063 51121      1
51063 51035      1
51063 51141      1
51111 51135      1
51111 51117      1
51111 51037      1
51111 51147      1
51111 51025      1
51183 51081      1
51183 51175      1
51183 51149      1
51183 51053      1
51183 51181      1
51650 51700      1
51650 51735      1
51650 51199      1
51197 51155      1
51197 51077      1
51197 51035      1
51197 51173      1
51197 51021      1
51083 51143      1
51083 51117      1
51083 51780      1
51083 51031      1
51083 51037      1
51025 51081      1
51025 51135      1
51025 51111      1
51025 51053      1
51025 51117      1
51173 51077      1
51173 51167      1
51173 51197      1
51173 51185      1
51173 51191      1
51173 51021      1
51175 51620      1
51175 51093      1
51175 51183      1
51175 51800      1
51175 51081      1
51175 51181      1
51710 51810      1
51710 51550      1
51710 51740      1
51720 51195      1
51810 51710      1
51810 51550      1
51035 51155      1
51035 51077      1
51035 51640      1
51035 51063      1
51035 51197      1
51035 51141      1
51191 51173      1
51191 51077      1
51191 51520      1
51191 51169      1
51191 51167      1
51800 51175      1
51800 51550      1
51800 51093      1
51800 51740      1
51081 51595      1
51081 51175      1
51081 51183      1
51081 51053      1
51081 51025      1
51117 51111      1
51117 51037      1
51117 51083      1
51117 51025      1
51105 51169      1
51105 51195      1
51169 51105      1
51169 51195      1
51169 51191      1
51169 51167      1
51141 51063      1
51141 51067      1
51141 51035      1
51141 51089      1
51550 51710      1
51550 51740      1
51550 51810      1
51550 51800      1
51089 51143      1
51089 51067      1
51089 51141      1
51089 51690      1
51740 51710      1
51740 51550      1
51740 51800      1
51077 51173      1
51077 51640      1
51077 51197      1
51077 51191      1
51077 51035      1
51595 51081      1
51690 51089      1
51780 51083      1
51640 51077      1
51640 51035      1
51620 51175      1
51620 51093      1
51590 51143      1
51520 51191      1
