56
1 7 45 51 53 54
2 19 28 29 32 38 48
3 43 46 52
4 6 43
5
6 4 30 34 37 43 49
7 1 53 54
8 16 22 38 44 56
9
10
11
12
13 18 26 50 55
14
15
16 8 22 29 32 38 40
17 20 42 48
18 13 44 55
19 2 20 26 38 48 56
20 17 19 26 48
21 45
22 8 16 31 40
23 25 27 41 49
24 30 33 35 39
25 23 27
26 13 19 20 50 55 56
27 23 25 34 47 49
28 2 32 36 39 42 48
29 2 16 32 38
30 6 24 32 35 37 39 49
31 22 40 41
32 2 16 28 29 30 39 40 49
33 24 35 36 39 42
34 6 27 47 49
35 24 30 33 37 46
36 28 33 39 42
37 6 30 35 43 46
38 2 8 16 19 29 44 56
39 24 28 30 32 33 36
40 16 22 31 32 41 49
41 23 31 40 49
42 17 28 33 36 48
43 3 4 6 37 46
44 8 18 38 55 56
45 1 21 51
46 3 35 37 43 52 53
47 27 34
48 2 17 19 20 28 42
49 6 23 27 30 32 34 40 41
50 13 26
51 1 45 53
52 3 46 53
53 1 7 46 51 52 54
54 1 7 53
55 13 18 26 44 56
56 8 19 26 38 44 55
